4 0.0957257490234375 0.51158840625 0.029296875 0.0517578125
0 0.11840002636718751 0.4448906962890625 0.04296875 0.01953125
0 0.18053343359375001 0.51880294921875 0.0224609375 0.037109375
0 0.2024715322265625 0.519097419921875 0.017578125 0.0380859375
2 0.24458090332031251 0.5196863623046875 0.01953125 0.048828125
0 0.3237203720703125 0.3825198681640625 0.0419921875 0.0400390625
4 0.43443981152343747 0.6901610615234375 0.0576171875 0.0244140625
4 0.44180158984375 0.7201971162109375 0.041015625 0.0224609375
2 0.26569303710937503 0.7156028505859375 0.0458984375 0.015625
2 0.2769203125 0.74426642578125 0.048828125 0.021484375
