1 0.3590429228515625 0.43062043652343746 0.0771484375 0.076171875
8 0.3428512158203125 0.536685212890625 0.0439453125 0.0458984375
0 0.2880905 0.5477828994140624 0.0439453125 0.0419921875
2 0.48548377929687503 0.3895044169921875 0.0419921875 0.0419921875
0 0.15352958984375 0.683721525390625 0.03515625 0.033203125
1 0.361838626953125 0.728294201171875 0.13671875 0.138671875
1 0.544374947265625 0.5903759599609375 0.1103515625 0.1162109375
0 0.5762125722656251 0.48467504199218747 0.03515625 0.0361328125
0 0.61777454296875 0.2513872529296875 0.0341796875 0.0380859375
0 0.1364046220703125 0.9240464912109375 0.0361328125 0.0390625
