5 0.2997403720703125 0.364291794921875 0.05078125 0.01953125
4 0.293874890625 0.38728448339843746 0.072265625 0.021484375
0 0.155918759765625 0.41567341503906247 0.037109375 0.021484375
0 0.15052251660156252 0.45767026464843746 0.0380859375 0.017578125
0 0.9064059541015625 0.142173166015625 0.0361328125 0.0302734375
2 0.8831786464843749 0.3486381240234375 0.0439453125 0.025390625
0 0.90241742578125 0.5626314833984375 0.0234375 0.0419921875
0 0.45107476171874994 0.66779815625 0.0166015625 0.0380859375
2 0.48837922558593744 0.7259837353515625 0.01953125 0.05078125
2 0.45084014257812494 0.8862286962890624 0.017578125 0.048828125
0 0.9559106201171875 0.88482098046875 0.0390625 0.017578125
0 0.962010720703125 0.9664684873046876 0.0341796875 0.017578125
