2 0.05288977734374999 0.149880904296875 0.0322265625 0.0107421875
0 0.03942550390625 0.3127258310546875 0.0361328125 0.03515625
2 0.8112606572265625 0.056710719726562504 0.0283203125 0.0498046875
0 0.8369155566406251 0.0583482666015625 0.01953125 0.0400390625
0 0.9009618291015625 0.086186560546875 0.0302734375 0.0380859375
0 0.6453931865234376 0.2131436015625 0.041015625 0.0341796875
0 0.340531794921875 0.5358932880859375 0.0390625 0.03125
2 0.26611439257812497 0.674356962890625 0.046875 0.0205078125
0 0.08487819921875 0.9407477509765626 0.03515625 0.0400390625
0 0.1567722470703125 0.9987765185546875 0.025390625 0.0302734375
