1 0.2651076953125 0.1614275244140625 0.0263671875 0.0732421875
1 0.29343797265625 0.157556306640625 0.0263671875 0.0771484375
0 0.5407906171875 0.291036869140625 0.044921875 0.01953125
2 0.6080090380859375 0.423186173828125 0.0380859375 0.0537109375
2 0.5503741113281251 0.5905663134765625 0.021484375 0.0478515625
2 0.5452711416015625 0.746822748046875 0.021484375 0.0439453125
2 0.6712616904296875 0.6239995595703125 0.0478515625 0.015625
2 0.678476232421875 0.737848560546875 0.0498046875 0.0234375
0 0.6755403134765625 0.7864996943359375 0.037109375 0.0126953125
8 0.120165671875 0.8512704248046875 0.0224609375 0.0478515625
2 0.14754373828124998 0.8512704248046875 0.0185546875 0.048828125
9 0.033777521484375 0.3516755283203125 0.0625 0.02734375
