3 0.492423546875 0.141916365234375 0.033203125 0.03125
1 0.744081587890625 0.09638964257812499 0.0302734375 0.0546875
1 0.766701072265625 0.2754725693359375 0.05859375 0.0341796875
2 0.7656680966796875 0.6106697958984375 0.0478515625 0.015625
2 0.9143230117187501 0.6449086015625 0.0185546875 0.0390625
3 0.8565127666015625 0.78186382421875 0.0234375 0.0302734375
3 0.8246827216796875 0.664694845703125 0.03125 0.037109375
5 0.9153553378906251 0.694116130859375 0.01953125 0.044921875
3 0.8159079521484375 0.824189181640625 0.03125 0.0234375
0 0.973819865234375 0.8518333662109375 0.01953125 0.041015625
2 0.93304299609375 0.8914058554687501 0.0166015625 0.0498046875
0 0.8817708144531251 0.9265049326171875 0.0234375 0.0322265625
2 0.7661503251953125 0.36706941894531253 0.0439453125 0.015625
3 0.7947113388671875 0.48957208007812497 0.0302734375 0.03515625
