2 0.0915516806640625 0.5764235263671875 0.0341796875 0.05078125
4 0.154568501953125 0.6086190361328124 0.0546875 0.052734375
4 0.23780567285156248 0.43605895703124997 0.0537109375 0.03515625
0 0.10666786523437499 0.5469764140625001 0.03515625 0.0341796875
0 0.026805721679687502 0.10767577050781249 0.021484375 0.0390625
0 0.4761088173828125 0.3417957587890625 0.0185546875 0.0390625
0 0.9339378066406251 0.6730059189453126 0.017578125 0.037109375
0 0.9936172880859374 0.7126613642578125 0.0380859375 0.0126953125
2 0.47391084570312497 0.5672866113281251 0.01953125 0.044921875
0 0.466430642578125 0.955728669921875 0.015625 0.037109375
