5 0.0893551181640625 0.0532345234375 0.041015625 0.0205078125
5 0.7337910859375 0.17753725 0.0244140625 0.056640625
0 0.918654037109375 0.39856083105468754 0.0361328125 0.015625
0 0.9704306796875 0.31595090625 0.0166015625 0.0400390625
4 0.9630617197265625 0.2186030625 0.01953125 0.03515625
2 0.8199487529296875 0.55041903515625 0.0166015625 0.0419921875
0 0.9506508388671875 0.535293275390625 0.0380859375 0.03125
0 0.8151007529296875 0.67064944140625 0.0146484375 0.03515625
4 0.4897445908203125 0.64752189453125 0.0498046875 0.0712890625
2 0.35258337304687504 0.891893076171875 0.0380859375 0.044921875
