0 0.41068051953124995 0.30892840039062497 0.0146484375 0.037109375
0 0.48889612011718747 0.2997549658203125 0.0185546875 0.0439453125
2 0.49066643164062496 0.236667486328125 0.0205078125 0.0458984375
4 0.49018362011718747 0.19080031347656248 0.0234375 0.0419921875
5 0.5252679833984375 0.20608937109375 0.0234375 0.0625
2 0.5251070458984375 0.2662799765625 0.021484375 0.046875
0 0.2209725859375 0.5217965117187501 0.015625 0.0390625
1 0.78888230078125 0.1488302919921875 0.0244140625 0.0478515625
4 0.812368740234375 0.1663881162109375 0.0244140625 0.0576171875
2 0.844748103515625 0.30821884863281246 0.0224609375 0.046875
2 0.7113583144531249 0.592033837890625 0.01953125 0.048828125
