1 0.038336571289062496 0.7153910888671875 0.0263671875 0.0615234375
3 0.1668252978515625 0.7433055732421875 0.0556640625 0.0361328125
1 0.18591387890625002 0.94527507421875 0.0263671875 0.0634765625
2 0.3570953466796875 0.734684923828125 0.05078125 0.0205078125
1 0.5526995966796875 0.67920079296875 0.025390625 0.060546875
0 0.599292154296875 0.6404078701171875 0.029296875 0.0341796875
0 0.60955483203125 0.6024359619140625 0.01953125 0.0380859375
0 0.6116073671875001 0.546401740234375 0.017578125 0.0419921875
0 0.6171492138671875 0.49549885839843744 0.0205078125 0.0400390625
2 0.6167387060546875 0.44008039746093747 0.017578125 0.037109375
0 0.618775416015625 0.37702530859375 0.01953125 0.0361328125
0 0.619185923828125 0.32386463671875 0.017578125 0.03515625
0 0.455146533203125 0.047080838867187495 0.0400390625 0.0166015625
2 0.1790973388671875 0.07710170117187501 0.04296875 0.0185546875
