9 0.0647554619140625 0.7476142919921874 0.0458984375 0.09765625
9 0.106268708984375 0.7383348603515625 0.0439453125 0.0732421875
9 0.29997776171874996 0.456255099609375 0.029296875 0.037109375
11 0.7135630283203125 0.15595945898437502 0.052734375 0.07421875
0 0.45293797363281246 0.5986861650390625 0.041015625 0.0234375
1 0.435681486328125 0.7297377861328125 0.048828125 0.04296875
11 0.4462632939453125 0.6509440166015625 0.0966796875 0.06640625
11 0.5081261708984375 0.6937596396484375 0.076171875 0.0615234375
11 0.5540349375 0.6457345117187501 0.0859375 0.068359375
11 0.615572220703125 0.6787823115234375 0.087890625 0.0625
11 0.6644113339843749 0.632547951171875 0.095703125 0.080078125
11 0.7201332060546876 0.6688547539062499 0.091796875 0.068359375
11 0.7671815517578124 0.6100850205078125 0.0927734375 0.0791015625
11 0.8122553955078124 0.9933850634765625 0.078125 0.0546875
