2 0.11339023925781251 0.554269564453125 0.015625 0.0458984375
0 0.16081445019531249 0.674446828125 0.033203125 0.017578125
4 0.27533314257812497 0.6701355361328125 0.033203125 0.0791015625
0 0.3084762001953125 0.6817221328124999 0.01953125 0.03515625
2 0.353205853515625 0.7202543046875 0.052734375 0.021484375
2 0.26347708984375 0.549419361328125 0.0166015625 0.0361328125
2 0.6399187265624999 0.01205966015625 0.04296875 0.033203125
4 0.86493313671875 0.2881175498046875 0.064453125 0.0556640625
0 1.00449757421875 0.742006798828125 0.0458984375 0.0166015625
4 0.9266701210937499 0.6509722626953125 0.05859375 0.0625
4 0.6917727148437499 0.6898859892578125 0.06640625 0.02734375
0 0.6500288994140625 0.678093951171875 0.03515625 0.0341796875
0 0.2488286103515625 0.8700683359375 0.01953125 0.0322265625
