0 0.134770705078125 0.0353184697265625 0.048828125 0.0283203125
2 0.2458449658203125 0.39184566015625 0.05078125 0.029296875
0 0.26818886035156253 0.432590408203125 0.048828125 0.029296875
2 0.45022588183593754 0.36008228027343747 0.04296875 0.0146484375
0 0.49688519140625004 0.36095851171875004 0.0380859375 0.0146484375
2 0.6311761650390625 -0.0036738164062499997 0.017578125 0.04296875
2 0.831614041015625 0.044518896484375 0.0498046875 0.0185546875
0 0.8246041923828125 0.1915066728515625 0.0224609375 0.0380859375
2 0.8462909130859374 0.2079360068359375 0.0166015625 0.048828125
5 0.8180324580078125 0.2478045244140625 0.0244140625 0.0595703125
4 0.8460718554687501 0.2701484189453125 0.0234375 0.046875
5 0.5883247451171875 0.61448692578125 0.060546875 0.0400390625
2 0.6036587900390625 0.6344211845703125 0.0478515625 0.029296875
0 0.6546992548828126 0.799152640625 0.0458984375 0.02734375
5 0.7147210888671875 0.776370630859375 0.060546875 0.0380859375
0 0.7066159501953125 0.824125228515625 0.0419921875 0.0263671875
2 0.02392746484375 0.6296778349609375 0.0302734375 0.0576171875
