0 0.35594686035156253 0.3585425439453125 0.044921875 0.017578125
0 0.73360159375 0.333914650390625 0.0244140625 0.0341796875
0 0.6984432070312501 0.3125619130859375 0.02734375 0.0390625
5 0.758635837890625 0.318268248046875 0.0205078125 0.0517578125
5 0.7731777890625 0.2842143134765625 0.0185546875 0.033203125
0 0.7402283056640625 0.3648393046875 0.0361328125 0.013671875
9 0.595260919921875 0.560006373046875 0.0380859375 0.0693359375
4 0.3891212060546875 0.6774726699218749 0.064453125 0.021484375
2 0.30672781835937496 0.5249771962890625 0.0244140625 0.0400390625
0 0.33714358203125 0.5382059707031249 0.01953125 0.033203125
