0 0.3171550263671875 0.513063578125 0.0458984375 0.0205078125
2 0.29394219140625 0.5466611025390625 0.0458984375 0.03125
2 0.12213666601562499 0.661198119140625 0.04296875 0.01953125
0 0.12549641796875 0.6830365107421875 0.0498046875 0.0283203125
0 0.31333219921875 0.8062335009765624 0.013671875 0.03125
0 0.2595761591796875 0.8092878212890625 0.015625 0.033203125
0 0.16550308984374998 0.7970705390625 0.0244140625 0.0341796875
0 0.169779138671875 0.9097749638671876 0.021484375 0.0390625
2 0.15374395605468752 0.985063962890625 0.0224609375 0.04296875
9 0.4717501220703125 0.8066935849609375 0.0380859375 0.0283203125
0 0.4192055517578125 0.59799713671875 0.0224609375 0.04296875
