2 0.049205283203125 0.489123578125 0.0146484375 0.041015625
0 0.093845548828125 0.4773010419921875 0.0234375 0.0390625
2 0.110967841796875 0.42226509765625 0.0322265625 0.048828125
3 0.134205240234375 0.564747041015625 0.033203125 0.0205078125
2 0.1085217998046875 0.60266069140625 0.05078125 0.0244140625
3 0.1005721640625 0.6350707470703125 0.033203125 0.01953125
1 0.119936662109375 0.70294841015625 0.087890625 0.037109375
4 0.07468488671875 0.341567205078125 0.0595703125 0.03125
4 0.0838575439453125 0.3641930927734375 0.0400390625 0.0283203125
1 0.11443306835937501 0.7287737890625 0.0615234375 0.0234375
