4 0.4977955078125 0.40133232421875 0.078125 0.03515625
2 0.0856486826171875 0.8784201435546874 0.0205078125 0.0517578125
4 0.32680634765625 0.1510771484375 0.0693359375 0.0625
4 0.69634306640625 0.8841 0.0615234375 0.05859375
0 0.05690851953125 0.7038056220703125 0.0478515625 0.01953125
0 0.1297746982421875 0.324162646484375 0.0302734375 0.033203125
2 0.2725786953125 0.32296261328125003 0.0322265625 0.0478515625
2 0.279778896484375 0.20004488671874998 0.0478515625 0.041015625
0 0.292027951171875 0.1370400078125 0.03125 0.03515625
5 0.42276531933593753 0.15918534472656248 0.060546875 0.0478515625
0 0.38921053125 0.4798323095703125 0.041015625 0.02734375
2 0.29845813671875 0.9374859345703126 0.0439453125 0.029296875
