0 0.1664622626953125 0.013346853515625 0.0380859375 0.021484375
9 0.227731705078125 0.30479305078124996 0.0234375 0.05859375
5 0.2254584140625 0.23505172070312502 0.021484375 0.0380859375
0 0.96200470703125 0.67670590234375 0.0234375 0.0400390625
0 0.9831138408203125 0.6815772412109375 0.02734375 0.0400390625
2 0.8556124775390624 0.8575185839843751 0.021484375 0.05078125
5 0.396828369140625 0.836811306640625 0.0703125 0.0380859375
5 0.37344594433593753 0.87172256640625 0.056640625 0.044921875
0 0.241753443359375 0.5006795888671876 0.0302734375 0.037109375
0 0.26659726953125 0.5766724697265625 0.03125 0.037109375
4 0.25900888671875 0.2272612841796875 0.017578125 0.0322265625
