0 0.0335672041015625 0.21542826171874999 0.0185546875 0.0361328125
0 0.033995743164062495 0.26363893066406247 0.017578125 0.04296875
0 0.289833693359375 0.27242398632812503 0.017578125 0.0361328125
5 0.4967792685546875 0.289323755859375 0.0302734375 0.068359375
2 0.6861936298828124 0.3540331865234375 0.0517578125 0.0205078125
2 0.679571564453125 0.4002134619140625 0.0625 0.017578125
2 0.6157192119140625 0.53627468359375 0.048828125 0.01953125
0 0.8312744697265625 0.539488728515625 0.0400390625 0.0458984375
5 0.8824849130859375 0.41756930273437504 0.052734375 0.015625
2 0.8591295224609375 0.4929922158203125 0.0498046875 0.0166015625
0 0.997274236328125 0.07741108203125 0.015625 0.0263671875
2 0.8052886396484374 0.696225392578125 0.0341796875 0.0439453125
8 0.5764706953125 0.7560066220703124 0.0439453125 0.0390625
4 0.22632848144531248 0.5444122001953124 0.05859375 0.0244140625
0 0.10890871875000001 0.49384456542968747 0.0380859375 0.01953125
0 0.09883804589843749 0.6584036484375 0.037109375 0.0322265625
