0 0.0882761611328125 0.096365017578125 0.033203125 0.037109375
4 0.11420808203125 0.0770945068359375 0.0185546875 0.0361328125
0 0.0973166474609375 0.1168250654296875 0.0322265625 0.0322265625
4 0.1832012666015625 0.0992199072265625 0.0224609375 0.03515625
5 0.4189676318359375 0.069719373046875 0.0205078125 0.0439453125
0 0.22388345507812502 0.299300142578125 0.044921875 0.0185546875
8 0.47037507128906253 0.5369135595703125 0.0185546875 0.0478515625
5 0.100428857421875 0.42105259082031254 0.025390625 0.048828125
0 0.6991570673828125 0.31350481054687496 0.04296875 0.017578125
0 0.592812400390625 0.3775019375 0.0234375 0.037109375
2 0.6158894306640624 0.3760744921875 0.01953125 0.05078125
2 0.7943200810546875 0.38773196093749995 0.0234375 0.0498046875
4 0.7555411533203125 0.4790884541015625 0.0302734375 0.0654296875
4 0.9374427851562499 0.108022486328125 0.0234375 0.0625
2 0.965277966796875 0.1056434111328125 0.0205078125 0.0478515625
0 0.9657537812500001 0.160837958984375 0.015625 0.0390625
0 0.796601525390625 0.8703528603515625 0.0166015625 0.0361328125
4 0.24395748632812503 0.6664089599609375 0.048828125 0.0234375
