2 0.700160341796875 0.0859950478515625 0.0576171875 0.0146484375
2 0.6453483125 0.11208557421875 0.0498046875 0.0205078125
1 0.7356785371093749 0.11647053613281251 0.0908203125 0.029296875
0 0.824474025390625 0.11647053613281251 0.046875 0.017578125
0 0.9012108671875 0.114058806640625 0.0458984375 0.01953125
0 0.8900292128906251 0.0864335439453125 0.04296875 0.0166015625
0 0.9058150771484376 0.2673132421875 0.041015625 0.0390625
2 0.6071991396484375 0.3611514365234375 0.0322265625 0.0419921875
0 0.056177303710937494 0.1355451220703125 0.0439453125 0.015625
8 0.7065401123046875 0.7786345107421875 0.01953125 0.0419921875
0 0.7056552988281249 0.9562001611328126 0.0263671875 0.0400390625
