11 0.8107914189453125 0.4017782080078125 0.0947265625 0.123046875
11 0.9276820908203124 0.4429682548828125 0.134765625 0.1142578125
2 0.7433288027343751 0.48170916308593753 0.046875 0.0283203125
0 0.7137164990234375 0.5781161367187501 0.0419921875 0.021484375
0 0.6749755898437501 0.5346996015625 0.0185546875 0.044921875
0 0.69644363671875 0.65706310546875 0.03125 0.0205078125
11 0.6234147978515625 0.5822530751953126 0.10546875 0.0810546875
1 0.5377612734375 0.9951447080078125 0.037109375 0.0625
8 0.5693774169921875 0.993808814453125 0.0234375 0.0400390625
1 0.060826132812499996 0.9178855400390624 0.0390625 0.0986328125
1 0.1084729970703125 0.9339162607421875 0.0439453125 0.087890625
1 0.02119462890625 0.896065947265625 0.0380859375 0.080078125
11 0.1808338896484375 0.6669602294921875 0.0849609375 0.060546875
