0 0.0300447939453125 0.0996980546875 0.04296875 0.0166015625
4 0.0358945205078125 0.5341513027343749 0.068359375 0.03125
4 0.11532764746093752 0.5316882597656251 0.0888671875 0.0234375
2 0.0973166474609375 0.50474873046875 0.0498046875 0.021484375
2 0.8948853251953125 0.8380814033203126 0.0185546875 0.0458984375
2 0.9844785039062501 0.132415005859375 0.0517578125 0.0283203125
4 0.909817521484375 0.1253337578125 0.0673828125 0.0224609375
4 0.6221033466796875 0.3212995927734375 0.029296875 0.08203125
5 0.652891380859375 0.2024577822265625 0.02734375 0.0625
2 0.663051431640625 0.0842317333984375 0.0185546875 0.044921875
