4 0.2300772138671875 0.0928908671875 0.080078125 0.0244140625
8 0.350766306640625 0.06409006152343749 0.01953125 0.044921875
2 0.3015649296875 0.0490039248046875 0.0185546875 0.044921875
4 0.3994533837890625 0.0759189638671875 0.025390625 0.05078125
0 0.3348556943359375 0.31504728417968747 0.0185546875 0.03515625
0 0.304683421875 0.47962331835937505 0.037109375 0.0146484375
2 0.823646013671875 0.2325731650390625 0.044921875 0.029296875
4 0.7867668476562499 0.27137775000000003 0.068359375 0.0244140625
3 0.7895809208984375 0.126230830078125 0.029296875 0.0234375
3 0.80809455859375 0.094387373046875 0.0322265625 0.01953125
0 0.958129078125 0.0927581728515625 0.017578125 0.04296875
2 0.7674112041015625 0.4849916376953125 0.0478515625 0.0185546875
0 0.9615274238281251 0.7229186660156249 0.0185546875 0.041015625
0 0.46630649511718747 0.8795752763671875 0.0185546875 0.0361328125
