2 0.17781496191406249 0.033562416015625 0.03125 0.05078125
0 0.9348775390625 0.5102662109375 0.041015625 0.02734375
0 0.947212890625 0.4756650390625 0.0419921875 0.02734375
0 0.20668749707031253 0.12815228710937498 0.025390625 0.037109375
4 0.6746586884765625 0.03690113671875 0.0732421875 0.0361328125
0 0.5530816787109375 0.271251876953125 0.033203125 0.01171875
0 0.211552265625 0.21214214160156247 0.03515625 0.0224609375
2 0.818753859375 0.8667625185546874 0.044921875 0.0234375
2 0.9111890634765625 0.8034153154296875 0.029296875 0.046875
2 0.7189864228515624 0.9075210976562499 0.0400390625 0.0185546875
