4 0.08822562890624999 0.14961663085937502 0.064453125 0.0234375
2 0.043761452148437505 0.36276100976562503 0.04296875 0.0390625
2 0.35586782421875 0.2517497421875 0.048828125 0.0205078125
4 0.4068163583984375 0.2529407470703125 0.05078125 0.021484375
4 0.41277138183593753 0.29277323828125 0.08984375 0.0234375
0 0.48280139453125004 0.38896347460937497 0.037109375 0.015625
0 0.9098395888671875 0.8414238271484376 0.0419921875 0.0205078125
2 0.6259681826171876 0.9654198095703125 0.046875 0.01953125
0 0.5609922587890626 0.9318070097656249 0.0380859375 0.017578125
0 0.5394218398437499 0.9681988203125 0.0400390625 0.01953125
0 0.296075740234375 0.8325712900390625 0.04296875 0.0234375
4 0.55929894140625 0.0516726689453125 0.041015625 0.068359375
