1 0.0877023837890625 0.0660901171875 0.02734375 0.05859375
9 0.0356799365234375 0.0829209091796875 0.0400390625 0.029296875
4 0.1679130205078125 0.192371865234375 0.0302734375 0.046875
2 0.38921165917968753 0.20643745703125 0.0166015625 0.0498046875
2 0.41978087890625004 0.201186302734375 0.01953125 0.037109375
2 0.44110306933593746 0.2544587099609375 0.0498046875 0.0205078125
2 0.7764785849609375 0.5827564462890624 0.0498046875 0.01953125
0 0.77422808984375 0.6076994287109375 0.0341796875 0.013671875
2 0.6645164765625 0.5124284892578126 0.0166015625 0.0400390625
0 0.5615563466796876 0.5752547978515625 0.0419921875 0.0224609375
2 0.08712860742187499 0.661909708984375 0.0380859375 0.0380859375
4 0.652782728515625 0.8386076279296875 0.0244140625 0.0419921875
2 0.5700679833984376 0.782188001953125 0.015625 0.0361328125
