0 0.0725475205078125 0.331327787109375 0.033203125 0.013671875
0 0.572367607421875 0.0142829365234375 0.044921875 0.017578125
0 0.6302228037109375 0.20143729199218752 0.0234375 0.04296875
2 0.7506686767578125 0.196084142578125 0.0498046875 0.0185546875
0 0.7568453876953125 0.14172908203125 0.041015625 0.01953125
0 0.5591906230468751 0.2967645380859375 0.04296875 0.0185546875
4 0.7556109677734375 0.2246928359375 0.05859375 0.0205078125
4 0.7467576806640626 0.2846069365234375 0.0556640625 0.0244140625
2 0.363964513671875 0.45908734765625003 0.0205078125 0.0517578125
4 0.3596408154296875 0.35346558203125 0.025390625 0.0712890625
