2 0.1646123740234375 0.1144929208984375 0.0439453125 0.0439453125
0 0.22817087109375003 0.112125412109375 0.0400390625 0.029296875
0 0.26696158691406247 0.1445420673828125 0.0361328125 0.0283203125
0 0.39462492968749996 0.1398070498046875 0.037109375 0.041015625
2 0.4653496611328125 0.24045590234375 0.046875 0.0361328125
4 0.4145392861328125 0.2768791103515625 0.0693359375 0.0302734375
2 0.47154160644531246 0.2685017724609375 0.0517578125 0.0185546875
0 0.505961537109375 0.25411460546875003 0.033203125 0.025390625
4 0.7118528857421875 0.44521586621093745 0.0673828125 0.068359375
0 0.569620259765625 0.559038390625 0.0205078125 0.0361328125
0 0.5871033994140624 0.5827134755859376 0.0166015625 0.0390625
2 0.6486586201171874 0.676867466796875 0.0576171875 0.0283203125
4 0.7082105654296875 0.6511891054687501 0.0673828125 0.041015625
4 0.8947834794921875 0.8740997509765625 0.0458984375 0.064453125
4 0.30861368359375 0.6965962177734375 0.0625 0.02734375
2 0.24013805273437502 0.6949571738281249 0.0341796875 0.03515625
0 0.272372591796875 0.7018775830078126 0.0380859375 0.0185546875
4 0.9773902539062499 0.788430765625 0.08203125 0.0537109375
0 0.2844767578125 0.84259267578125 0.02734375 0.0439453125
