0 0.6742453974609375 0.0856215595703125 0.0263671875 0.03125
4 0.6502256513671875 0.1914300625 0.0361328125 0.0732421875
0 0.6167804345703125 0.3696018515625 0.02734375 0.0341796875
1 0.580294744140625 0.47267392773437494 0.083984375 0.046875
0 0.74484228125 0.532060310546875 0.0205078125 0.0361328125
8 0.0874528955078125 0.5747537880859375 0.0439453125 0.0283203125
2 0.4077892021484375 0.4259403798828125 0.03125 0.0419921875
2 0.43405251562499997 0.42263572460937504 0.029296875 0.0380859375
0 0.590893310546875 0.607639859375 0.0234375 0.0390625
9 0.8424219267578125 0.46123692089843754 0.0400390625 0.0166015625
5 0.6977512763671875 0.8220631669921875 0.0107421875 0.0380859375
