8 0.2401637939453125 0.086417216796875 0.0556640625 0.0283203125
2 0.42042508203125 0.62269856640625 0.0185546875 0.0419921875
0 0.4436602666015625 0.61142605078125 0.0166015625 0.0341796875
0 0.799089580078125 0.6696290390625 0.017578125 0.0361328125
0 0.840602603515625 0.23629623535156252 0.0234375 0.033203125
0 0.3760183486328125 0.1910071552734375 0.0244140625 0.01953125
5 0.9587917441406251 0.9074108505859374 0.01171875 0.0234375
5 0.969283130859375 0.908083375 0.0126953125 0.0244140625
0 0.9056622861328125 0.7879704482421874 0.0439453125 0.0166015625
4 0.3150549462890625 0.9184402568359376 0.0263671875 0.0419921875
