4 0.6007309443359375 0.8671840927734374 0.0283203125 0.10546875
4 0.663139271484375 0.8542031611328125 0.0703125 0.080078125
4 0.7228016328125 0.8319857958984376 0.0498046875 0.0615234375
0 0.778469861328125 0.8035275986328125 0.0341796875 0.0361328125
0 0.8154155917968751 0.8102676982421876 0.03125 0.0361328125
2 0.8401292890625 0.8492104951171876 0.0458984375 0.052734375
4 0.9057828505859375 0.83797699609375 0.0615234375 0.0654296875
4 0.9327432480468749 0.8259945966796874 0.0673828125 0.064453125
4 0.9577065791015624 0.811765498046875 0.0595703125 0.0732421875
2 0.6506576064453125 0.9051283564453124 0.0546875 0.0205078125
