5 0.395074251953125 0.110385234375 0.03515625 0.0478515625
2 0.34413405078125003 0.073253 0.0439453125 0.0419921875
0 0.19560511230468752 0.14397218066406248 0.0205078125 0.0439453125
4 0.3632189853515625 0.2340912373046875 0.0458984375 0.0205078125
2 0.6239273310546876 0.2069061416015625 0.0458984375 0.015625
0 0.5311900419921876 0.2891941591796875 0.0224609375 0.0439453125
2 0.6580740595703125 0.379505724609375 0.0546875 0.015625
0 0.6742213574218751 0.009071612304687499 0.0361328125 0.015625
0 0.6006809052734374 0.6736394287109375 0.037109375 0.0146484375
0 0.6109435830078125 0.6958441318359375 0.0322265625 0.017578125
2 0.61038380078125 0.7150633291015626 0.05078125 0.0234375
4 0.389475109375 0.9667147412109375 0.05078125 0.048828125
0 0.4292196611328125 1.0010480634765624 0.0341796875 0.02734375
