0 0.4043059970703125 0.1642689580078125 0.0244140625 0.0390625
0 0.31720734960937497 0.3666652939453125 0.01953125 0.037109375
2 0.5546250732421875 0.27388135546875003 0.0302734375 0.052734375
2 0.6001073955078126 0.23590361621093747 0.0234375 0.0478515625
4 0.5832789365234374 0.2904824033203125 0.033203125 0.056640625
2 0.49728101269531255 0.5041663701171875 0.02734375 0.0478515625
0 0.23302871875 0.6717687285156251 0.0244140625 0.0361328125
0 0.6877285068359376 0.4136776884765625 0.03125 0.0419921875
0 0.3779728984375 0.9250482685546875 0.021484375 0.03125
0 0.8362667753906249 0.9268069189453124 0.04296875 0.0341796875
2 0.6983643730468749 0.9037018984374999 0.046875 0.0302734375
