0 0.24748132421874997 0.1256540712890625 0.0380859375 0.03515625
0 0.20524985546875 0.17228465039062502 0.03515625 0.0341796875
2 0.23192359667968748 0.33922659374999997 0.041015625 0.033203125
0 0.34542524707031247 0.3518947099609375 0.033203125 0.03125
0 0.68491923046875 0.0640114482421875 0.03515625 0.03125
2 0.6970607783203125 0.18789042382812499 0.0390625 0.0400390625
0 0.6734391660156249 0.6325041552734375 0.037109375 0.0380859375
0 0.7825371259765624 0.6423581640625 0.0341796875 0.037109375
2 0.708632056640625 0.702186078125 0.0439453125 0.029296875
4 0.5378174169921874 0.5672047939453125 0.0322265625 0.0498046875
2 0.550310892578125 0.65747455859375 0.025390625 0.0419921875
8 0.50755153125 0.65729859375 0.0283203125 0.044921875
4 0.2763326640625 0.5586225849609374 0.0283203125 0.0576171875
2 0.24729852929687499 0.6561068916015625 0.0244140625 0.041015625
2 0.191502236328125 0.8734419462890625 0.015625 0.0400390625
