2 0.033275802734375 0.1834899267578125 0.0234375 0.0498046875
0 0.0592008203125 0.18692117871093752 0.025390625 0.0380859375
2 0.1535602568359375 0.167477416015625 0.05078125 0.0322265625
2 0.24162906445312501 0.28757124511718746 0.021484375 0.0439453125
3 0.3088883369140625 0.360465857421875 0.0419921875 0.033203125
2 0.346060236328125 0.2783064287109375 0.021484375 0.0478515625
1 0.4386625947265625 0.19873841113281251 0.1357421875 0.029296875
9 0.39977506835937504 0.157563384765625 0.0849609375 0.029296875
1 0.3946281904296875 0.11905710937500001 0.072265625 0.0283203125
1 0.47812199511718756 0.0998039716796875 0.0703125 0.0224609375
1 0.414262578125 0.08188520996093751 0.0712890625 0.0244140625
