5 0.2883997802734375 0.21499148828124998 0.0234375 0.05078125
5 0.7683223388671875 0.3433217265625 0.0595703125 0.0693359375
0 0.7865170419921875 0.5363828388671874 0.03515625 0.02734375
2 0.178510396484375 0.4676006591796875 0.0234375 0.0478515625
0 0.2349538779296875 0.8557582568359375 0.037109375 0.0283203125
2 0.1910470166015625 0.885768669921875 0.048828125 0.0380859375
2 0.155123220703125 0.992209546875 0.041015625 0.033203125
0 0.22948400000000002 0.999009935546875 0.029296875 0.029296875
5 0.5398273203125 0.79778709375 0.0458984375 0.04296875
0 0.946972173828125 0.9930568525390625 0.0380859375 0.029296875
