4 0.23134167285156249 0.17390184765625 0.0390625 0.0712890625
0 0.330633505859375 0.2149326884765625 0.033203125 0.03125
0 0.7432689501953125 0.56989873046875 0.029296875 0.0380859375
2 0.8488045292968751 0.7066410654296875 0.033203125 0.046875
5 0.3918653837890625 0.4692074052734375 0.0478515625 0.03515625
0 0.1470818359375 0.6616443857421874 0.0341796875 0.041015625
0 0.1686428681640625 0.6508638701171875 0.0302734375 0.0263671875
0 0.18415168066406248 0.6374355078124999 0.03125 0.0302734375
0 0.062145267578125 0.3913395078125 0.0380859375 0.0234375
0 0.06025394921874999 0.42387018847656255 0.04296875 0.0185546875
0 0.1136848974609375 0.893468376953125 0.0419921875 0.029296875
