0 0.7404551357421875 0.38087932031250005 0.0234375 0.0498046875
0 0.7636679716796875 0.387052947265625 0.0234375 0.041015625
2 0.779719400390625 0.394955189453125 0.021484375 0.048828125
0 0.8063894658203125 0.2838299130859375 0.0234375 0.044921875
2 0.83009619140625 0.2875340888671875 0.0234375 0.05078125
2 0.869854345703125 0.299881341796875 0.0302734375 0.048828125
0 0.8807199287109375 0.42458859570312496 0.03125 0.0400390625
2 0.9241822587890625 0.4317500029296875 0.02734375 0.044921875
0 0.9431970283203125 0.435948068359375 0.0166015625 0.037109375
11 0.6622771669921875 0.2929233505859375 0.13671875 0.1103515625
11 0.529088396484375 0.264597390625 0.138671875 0.1044921875
11 0.47959912109375 0.105178728515625 0.09765625 0.1015625
