0 0.0726576474609375 0.5726169482421875 0.0390625 0.037109375
0 0.3436285400390625 0.6383486494140624 0.0361328125 0.0380859375
0 0.3758048974609375 0.6070916162109375 0.0390625 0.03515625
8 0.370472951171875 0.0816186669921875 0.03125 0.041015625
2 0.441490767578125 0.21538037988281247 0.0380859375 0.0439453125
0 0.4467768837890625 0.0381805849609375 0.0361328125 0.03515625
0 0.8720126835937501 0.5280287998046875 0.03515625 0.0458984375
0 0.74284759375 0.3797877255859375 0.021484375 0.041015625
0 0.5027540322265625 0.7171065078125 0.0439453125 0.03515625
2 0.7376414384765625 0.82880443359375 0.041015625 0.044921875
0 0.46161426171875003 0.9382040468749999 0.0263671875 0.037109375
0 0.405765298828125 0.9639451328125 0.0380859375 0.025390625
