8 0.56422332421875 0.2765705224609375 0.0576171875 0.0166015625
0 0.5653485390625 0.3436333291015625 0.052734375 0.021484375
8 0.6954233779296874 0.28804771386718747 0.0361328125 0.0556640625
0 0.5892327607421874 0.56742155859375 0.04296875 0.013671875
2 0.3903872763671875 0.744260890625 0.0517578125 0.025390625
0 0.82090398828125 0.7416888613281251 0.0400390625 0.013671875
2 0.807626453125 0.7981746484375001 0.0576171875 0.01953125
0 0.8222542460937501 0.82585493359375 0.044921875 0.017578125
9 0.6165617041015624 0.4987897568359375 0.0380859375 0.0439453125
2 0.7601423857421875 0.0232163515625 0.052734375 0.0224609375
