8 0.6570011162109375 0.4591273564453125 0.0205078125 0.033203125
2 0.6259028701171875 0.4681911669921875 0.0234375 0.041015625
8 0.5805838173828125 0.5997726923828125 0.0205078125 0.041015625
1 0.6085566123046875 0.5236679384765626 0.0341796875 0.0625
4 0.494946435546875 0.58414543359375 0.02734375 0.0615234375
3 0.0303363466796875 0.399326736328125 0.033203125 0.02734375
3 0.09972137890625 0.566008630859375 0.0556640625 0.048828125
3 0.0644037724609375 0.665398001953125 0.0458984375 0.044921875
5 0.10269055859375001 0.8390586904296875 0.0166015625 0.0244140625
9 0.10425328417968749 0.89828600390625 0.02734375 0.0419921875
9 0.13309029296875 0.6477597666015624 0.01953125 0.0224609375
1 0.26302558886718747 0.780748470703125 0.0615234375 0.0205078125
1 0.615071806640625 0.8731261162109375 0.0625 0.0341796875
1 0.7774617861328126 0.699280185546875 0.0458984375 0.064453125
0 0.747926265625 0.700061548828125 0.0185546875 0.0478515625
2 0.8850028330078125 0.50527013671875 0.025390625 0.046875
8 0.9773599374999999 0.32930276953125 0.0439453125 0.0400390625
5 0.9590760439453124 0.3722777333984375 0.0341796875 0.044921875
5 0.391973232421875 0.5745049326171875 0.056640625 0.0302734375
