1 0.49166133007812496 0.124440275390625 0.0498046875 0.0654296875
2 0.5095091523437499 0.065542458984375 0.0302734375 0.04296875
3 0.7105527294921875 0.0121773486328125 0.0400390625 0.0234375
4 0.7738999326171875 0.009789259765625 0.064453125 0.02734375
3 0.9277144111328125 0.1835730283203125 0.0302734375 0.0244140625
9 0.9417915673828126 0.377526275390625 0.0517578125 0.025390625
1 0.957754056640625 0.4036695654296875 0.0546875 0.021484375
9 0.902073876953125 0.45042583496093747 0.041015625 0.0673828125
9 0.9563714794921875 0.53463739453125 0.0341796875 0.021484375
1 0.980530396484375 0.7718122548828126 0.021484375 0.0576171875
2 0.8070934501953124 0.956886205078125 0.0400390625 0.0478515625
