3 0.28120750878906253 0.2782604873046875 0.046875 0.0390625
3 0.173268626953125 0.3561378857421875 0.0419921875 0.02734375
9 0.14522469335937502 0.254049896484375 0.03125 0.03125
9 0.161566841796875 0.32446236328125 0.056640625 0.0546875
9 0.26163728124999996 0.19816378515625 0.0849609375 0.0400390625
9 0.28120750878906253 0.37348880859375 0.0224609375 0.0302734375
1 0.324383060546875 0.38761165234375 0.0244140625 0.0595703125
1 0.193040609375 0.4556030595703125 0.0478515625 0.01953125
1 0.294725087890625 0.161242634765625 0.0478515625 0.0380859375
4 0.1773037255859375 0.3970941337890625 0.029296875 0.0517578125
