0 0.50816437890625 0.5234393291015625 0.0234375 0.029296875
4 0.6555057666015625 0.38338873828125003 0.025390625 0.06640625
0 0.8032970673828125 0.2583479873046875 0.0341796875 0.0185546875
0 0.8411638564453126 0.26176556738281254 0.0390625 0.0146484375
2 0.8355590244140625 0.3200011337890625 0.041015625 0.0146484375
9 0.869461419921875 0.1615621162109375 0.017578125 0.03515625
3 0.9361010703125001 0.13328177929687499 0.0263671875 0.0185546875
0 0.9887318056640625 0.12439607128906251 0.01953125 0.0263671875
0 0.9875014765624999 0.088169720703125 0.017578125 0.033203125
0 0.9530522685546875 0.46110137988281247 0.03125 0.0361328125
2 0.9813498320312499 0.51113475390625 0.02734375 0.0361328125
2 0.8743112207031251 0.51113475390625 0.015625 0.041015625
4 0.91060637109375 0.0320335185546875 0.0185546875 0.046875
0 0.8837275888671875 0.0202740517578125 0.0205078125 0.03515625
