11 0.43036153710937497 0.7891424248046874 0.09375 0.0615234375
9 0.7414626279296874 0.871509744140625 0.015625 0.0283203125
0 0.7177931611328124 0.8723120986328126 0.01953125 0.0439453125
0 0.6816871943359375 0.8771262275390626 0.0185546875 0.0439453125
1 0.5050285322265625 0.29198617285156253 0.0517578125 0.0693359375
2 0.5716239814453126 0.313850341796875 0.033203125 0.0419921875
1 0.61314584375 0.3128473984375 0.0390625 0.0556640625
0 0.6933813251953125 0.30963797851562497 0.0380859375 0.0146484375
0 0.700201341796875 0.2637031650390625 0.0390625 0.0166015625
2 0.9693970322265625 0.462065046875 0.0205078125 0.0478515625
0 0.9539517021484375 0.3302782685546875 0.0400390625 0.017578125
0 0.844630857421875 0.2889569951171875 0.0390625 0.013671875
0 0.8442296806640625 0.2213586015625 0.0478515625 0.015625
0 0.9804294111328125 0.1595551240234375 0.037109375 0.0361328125
2 1.0028953457031249 0.14872333398437498 0.04296875 0.0419921875
11 0.4292139833984375 0.530974265625 0.0888671875 0.05859375
