1 0.8082368359375001 0.0740891748046875 0.0625 0.06640625
2 0.9041205693359375 0.1528668896484375 0.0205078125 0.044921875
3 0.7184302412109375 0.2408728515625 0.025390625 0.04296875
2 0.7476905351562501 0.30794644921875003 0.0224609375 0.0439453125
5 0.671838849609375 0.21656429980468753 0.0185546875 0.037109375
4 0.5311421494140626 0.1971118828125 0.0458984375 0.025390625
0 0.479599015625 0.194861091796875 0.0341796875 0.0126953125
0 0.8238011201171875 0.45333827929687504 0.0126953125 0.0380859375
0 0.8231258828124999 0.49835411621093756 0.013671875 0.03515625
2 0.3957320283203125 0.44412858300781255 0.025390625 0.0517578125
2 0.450337265625 0.8872734511718751 0.025390625 0.0361328125
4 0.42220236718750004 0.9169839033203125 0.0302734375 0.0693359375
