1 0.3498518046875 0.1261435986328125 0.0703125 0.0361328125
4 0.25176560546875 0.1043643291015625 0.0712890625 0.0361328125
4 0.1659203095703125 0.1639791181640625 0.0380859375 0.0634765625
1 0.19427608789062498 0.344575677734375 0.0576171875 0.05859375
0 0.08283617578125 0.350139724609375 0.0380859375 0.03125
4 0.5944411376953125 0.712347515625 0.0244140625 0.0380859375
4 0.624486990234375 0.7188653994140626 0.03515625 0.0439453125
2 0.634502275390625 0.670537677734375 0.021484375 0.0390625
0 0.705563103515625 0.6458968984375 0.0185546875 0.0361328125
4 0.703337484375 0.687547763671875 0.025390625 0.03515625
4 0.7639061093749999 0.676578642578125 0.064453125 0.037109375
0 0.782664896484375 0.6368354501953125 0.041015625 0.025390625
0 0.80110573828125 0.624594546875 0.041015625 0.029296875
4 0.49213410546875 0.568973765625 0.0849609375 0.0205078125
